71.189156 25.281376 26.043831
70.932503 25.134594 25.540445
70.675850 24.987812 25.037062
70.284393 24.743736 24.328333
69.892929 24.499659 23.619606
69.654419 24.351276 23.146845
69.415916 24.202896 22.674084
69.159264 24.029898 22.209055
68.902611 23.856899 21.744026
68.635590 23.667244 21.310999
68.368561 23.477587 20.877972
68.097763 23.274113 20.411901
67.826965 23.070641 19.945831
67.554268 22.856903 19.488367
67.281570 22.643167 19.030901
67.007690 22.422897 18.582659
66.733803 22.202627 18.134418
66.459419 21.979557 17.696024
66.185036 21.756489 17.257627
65.910873 21.554821 16.829697
65.636703 21.312212 16.401766
65.363441 21.094738 15.984920
65.090179 20.877264 15.568070
64.549194 20.471237 14.770106
64.008217 20.065208 13.972142
63.212852 19.563824 12.860929
62.417488 19.062439 11.749717
61.887238 18.796141 11.054261
61.356991 18.529842 10.358806
60.816185 18.309969 9.679507
60.275379 18.090096 9.000210
59.427109 17.832069 7.985770
58.578838 17.574045 6.971332
57.618675 17.476070 5.938660
56.658516 17.378098 4.905988
55.928818 17.438282 4.201510
55.199116 17.498465 3.497032
54.798439 17.578331 3.138165
54.397762 17.658197 2.779299
53.969639 17.773880 2.415734
53.541515 17.889561 2.052170
53.083313 18.033707 1.685619
52.625107 18.177853 1.319069
52.134201 18.340916 0.951699
51.643291 18.503981 0.584329
51.117058 18.676420 0.218303
50.590824 18.848860 -0.147722
50.026642 19.021126 -0.510239
49.462456 19.193394 -0.872754
48.857697 19.355946 -1.229595
48.252941 19.518496 -1.586435
47.604988 19.661785 -1.935436
46.957039 19.805077 -2.284437
46.263268 19.919559 -2.623433
45.569492 20.034044 -2.962429
44.828712 20.114563 -3.288109
44.087929 20.195080 -3.613788
43.304665 20.254021 -3.918253
42.521404 20.312960 -4.222717
41.701637 20.367090 -4.496923
40.881870 20.421221 -4.771129
40.031563 20.487316 -5.006031
39.181252 20.553410 -5.240932
38.306366 20.648235 -5.427486
37.431484 20.743063 -5.614041
36.537994 20.883398 -5.743202
35.644501 21.023733 -5.872364
34.738373 21.226343 -5.935089
33.832249 21.428953 -5.997814
32.919449 21.710613 -5.985057
32.006649 21.992275 -5.972301
31.092403 22.367289 -5.877037
30.178158 22.742302 -5.781773
29.264725 23.215109 -5.605050
28.351290 23.687916 -5.428328
27.440178 24.260490 -5.173214
26.529068 24.833065 -4.918099
25.621799 25.507381 -4.587662
24.714529 26.181696 -4.257223
23.812611 26.959726 -3.854528
22.910692 27.737757 -3.451834
22.015642 28.621475 -2.979949
21.120592 29.505192 -2.508064
20.233925 30.496571 -1.970057
19.347260 31.487949 -1.432051
18.470490 32.588966 -0.830989
17.593719 33.689980 -0.229927
16.729708 34.899597 0.428768
15.865696 36.109215 1.087462
15.022697 37.414391 1.788949
14.179699 38.719570 2.490437
13.367313 40.104256 3.217520
12.554930 41.488941 3.944604
11.782763 42.937080 4.680089
11.010595 44.385223 5.415573
10.288244 45.880775 6.142264
9.565891 47.376324 6.868955
8.902960 48.903229 7.569656
8.240028 50.430134 8.270357
7.646118 51.972347 8.927873
7.052206 53.514561 9.585387
6.536917 55.056030 10.182523
6.021626 56.597504 10.779658
5.591270 58.125256 11.303559
5.160915 59.653008 11.827460
4.808643 61.166374 12.282645
4.456371 62.679745 12.737830
4.172045 64.181145 13.133157
3.887718 65.682549 13.528484
3.661196 67.174393 13.872814
3.434675 68.666229 14.217144
3.255821 70.150909 14.519336
3.076965 71.635597 14.821527
2.935637 73.115555 15.090442
2.794308 74.595505 15.359356
2.680368 76.073135 15.603850
2.566427 77.550766 15.848346
2.469734 79.028481 16.077280
2.373041 80.506195 16.306217
2.285126 81.985825 16.526955
2.197208 83.465462 16.747692
2.116268 84.946518 16.961592
2.035326 86.427582 17.175491
1.961227 87.909004 17.382418
1.887129 89.390427 17.589342
1.819738 90.871140 17.789156
1.752348 92.351852 17.988968
1.691532 93.830795 18.181530
1.630716 95.309738 18.374092
1.576344 96.785835 18.559265
1.521969 98.261932 18.744438
1.473904 99.734116 18.922087
1.425838 101.206306 19.099735
1.383947 102.673515 19.269720
1.342058 104.140724 19.439705
1.306105 105.602188 19.602074
1.270153 107.063644 19.764442
1.239487 108.519821 19.919985
1.208820 109.975990 20.075527
1.182686 111.427628 20.225218
1.156551 112.879272 20.374910
1.134192 114.327118 20.519728
1.111832 115.774979 20.664543
1.092495 117.219818 20.805456
1.073156 118.664642 20.946371
1.056084 120.107208 21.084360
1.039011 121.549774 21.222351
1.023449 122.990829 21.358391
1.007887 124.431870 21.494431
0.993080 125.872177 21.629494
0.978273 127.312469 21.764557